0.6874600410461426
0.8314
0.8046
0.83
0.8568
0.8306
0.8624
0.8574
0.861
0.8631
0.8622
0.8418
0.87
0.8745
0.88
0.8763
0.8785
0.8782
0.8676
0.8797
0.8787
0.8698
0.8694
0.8607
0.8737
0.8725
0.8684
0.868
0.8693
0.8638
0.8505
0.8741
0.8745
0.8646
0.8754
0.8709
0.8725
0.8827
0.878
0.8821
0.8782
0.8622
0.8874
0.8775
0.8714
0.8848
0.8809
0.8889
0.8743
0.8728
0.8819
0.8786
0.885
0.8851
0.8901
0.8828
0.8648
0.8739
0.8655
0.8735
0.882
0.8798
0.8806
0.869
0.8771
0.8666
0.8831
0.8765
0.8755
0.8785
0.8633
0.8696
0.8811
0.8764
0.8647
0.8797
0.8832
0.8498
0.8805
0.8704
0.8696
0.8771
0.8685
0.8766
0.8768
0.8869
0.862
0.8827
0.8877
0.873
0.8787
0.868
0.886
0.8809
0.8792
0.871
0.8896
0.8791
0.8773
0.8797