0.46251999735832217
0.46950000524520874
0.5659999847412109
0.6381000280380249
0.7052000164985657
0.7265999913215637
0.7109000086784363
0.7046999931335449
0.7358999848365784
0.7056000232696533
0.6944000124931335
0.7551000118255615
0.7450000047683716
0.6963000297546387
0.6987000107765198
0.744700014591217
0.7522000074386597
0.7069000005722046
0.7239999771118164
0.7202000021934509
0.7548999786376953
0.7264000177383423
0.7634999752044678
0.7041000127792358
0.7483999729156494
0.7709000110626221
0.7170000076293945
0.6625000238418579
0.7638000249862671
0.7533000111579895
0.76910001039505
0.7802000045776367
0.7684999704360962
0.7821999788284302
0.7910000085830688
0.7682999968528748
0.7214000225067139
0.7746999859809875
0.7559999823570251
0.760200023651123
0.7360000014305115
0.6847000122070312
0.7757999897003174
0.7103999853134155
0.723800003528595
0.7312999963760376
0.7577999830245972
0.7224000096321106
0.7117000222206116
0.7516000270843506
0.741100013256073
0.7918999791145325
0.7918000221252441
0.7558000087738037
0.7516000270843506
0.732200026512146
0.6741999983787537
0.7293000221252441
0.7651000022888184
0.7754999995231628
0.7946000099182129
0.8027999997138977
0.79830002784729
0.7824000120162964
0.7573000192642212
0.7437000274658203
0.7555999755859375
0.7512000203132629
0.7944999933242798
0.7932999730110168
0.7192000150680542
0.7570000290870667
0.7735000252723694
0.7628999948501587
0.6931999921798706
0.7195000052452087
0.696399986743927
0.777400016784668
0.7476000189781189
0.6973000168800354
0.7182999849319458
0.7649000287055969
0.7426000237464905
0.791100025177002
0.7892000079154968
0.7796000242233276
0.7799999713897705
0.7447999715805054
0.7973999977111816
0.789900004863739
0.72079998254776
0.7168999910354614
0.7436000108718872
0.7139999866485596
0.75
0.8012999892234802
0.7457000017166138
0.7666000127792358
0.7551000118255615
0.7960000038146973
0.7950999736785889
0.7591999769210815
0.7667999863624573
0.7483999729156494
0.7184000015258789
0.7562000155448914
0.7843999862670898
0.7860000133514404
0.79830002784729
0.800000011920929
0.8030999898910522
0.776199996471405
0.7573999762535095
0.7267000079154968
0.7324000000953674
0.7727000117301941
0.7279999852180481
0.6796000003814697
0.7925000190734863
0.7986999750137329
0.7983999848365784
0.7195000052452087
0.791100025177002
0.7785000205039978
0.7368000149726868
0.8227999806404114
0.7246999740600586
0.776199996471405
0.8079000115394592
0.8004000186920166
0.7849000096321106
0.796999990940094
0.7354000210762024
0.7924000024795532
0.7659000158309937
0.7095000147819519
0.7835999727249146
0.7239000201225281
0.8027999997138977
0.7555000185966492
0.7425000071525574
0.7164000272750854
0.7768999934196472
0.7975999712944031
0.7838000059127808
0.8166000247001648
0.7373999953269958
0.7746000289916992
0.7458000183105469
0.7398999929428101
0.7408999800682068
0.8151999711990356
0.6951000094413757
0.7426000237464905
0.8109999895095825
0.6805999875068665
0.7142999768257141
0.7124000191688538
0.805899977684021
0.6704999804496765
0.7973999977111816
0.8198000192642212
0.7286999821662903
0.746999979019165
0.7706000208854675
0.7829999923706055
0.7720000147819519
0.741599977016449
0.8007000088691711
0.7833999991416931
0.7746999859809875
0.7705000042915344
0.7929999828338623
0.7853000164031982
0.7907000184059143
0.7821999788284302
0.7752000093460083
0.794700026512146
0.7928000092506409
0.777400016784668
0.7311000227928162
0.767300009727478
0.7562000155448914
0.7312999963760376
0.7996000051498413
0.7218999862670898
0.8030999898910522
0.7957000136375427
0.7771000266075134
0.7730000019073486
0.7864999771118164
0.7986999750137329
0.7928000092506409
0.8030999898910522
0.7903000116348267
0.7824000120162964
0.7950000166893005
0.7095000147819519
0.791100025177002
0.7797999978065491
